#	15420406	997230170	1099461055	3657411303	1810638080	698488456	1169680212	1316084669	226794940	1810638080	2256053989	1316084669
100272038	216325455
10294990	486280096	779517116	46401422	53724971
10313897	2237220663
103616322	17201458
1078528629	207827114	624445123	44856982	2513003819	2211906617	3671820500	382125821	2194395850	3074608066	2340021631
10984488	10984487	21778186	10984491	47064313	813207128	15561369	10984455	10984517	813207128	10984541
110539689	289060892	2340788280
110883909	45455131	278296845	15935575	1043441	418401755	20564365
111488395	372897109	523103568	2821980143
1128692191	3390741996	1096822309
1129947733	1417794005
1153881481	327152466
115703498	224484757
1188169554	2687547120
1191538636	447559118
120093626	328469512
1232985576	5020147184
1271659455	45079155	45079151	330730722	45079151
1273457205	2382233262
130132260	44391443
131102333	1845392115	1478050499
1312090503	241126944	2007485130	3952458178
132293997	404567141
132670327	1024561379
1352657186	45025272	1147908361	3318199199
1358688540	1417689750
137046309	1300909408
1382542134	2228910276
1390276253	3655489987
1396003175	1510419664
141005492	55432528
1412919966	1626762094
1438286796	3319168997	1664786011
1439851899	2186594701
1442515617	1417689750
1465812674	1417794005	1953731363	1953731363
151283970	674181781
15240706	10315449
1530422108	722806422
157477201	20500708	984760665
158189731	47409684
158600281	2669337626	2599762371	43085910	2274111792	2101737179
1589091315	11995664	908381913	338446524	878142
1591970353	1320732528
1599245607	2576619522
164396206	577955099
1662987648	1953731363	1953731363	1417794005
166697493	306690849	1803412605	5027990537	112147276	312200086
169438279	473535403
1714644532	277626180
1716822606	2991606245
1717042099	125755990
1721905244	5146781951
1752657021	1424816694	1947609799	1580955973	433245581	1947609799	1861461293	643659699	1861461293	1861461293	668911267	5055219122	1861910938
175741435	1861461293	382845101
175774663	1359876758	2056367662	1791574553
1759853309	2182349234
1775338184	3279199819	45025272	1147908361	3318199199	44856979	1480196366
1792610380	717641130	1754075058	44856981	152311203	15205146	872893
1823375020	839633185	1480196366	2211906617	382125821	1754075058	2513003819	3746949509	44856979	3746949509	1597616071	44856979	3159773355	174292093	1483591585
183090953	5146781951	216677432
185108829	900702618
1856188354	2302252252
1873450689	277626180
192969095	984855551	922679868	3333614953	43357897	43357897
193965374	1957889862
19412039	49316864
197842780	495779978
1994957206	3979940276
1994964449	345148173	581961115
20594119	197876984
2062097285	332439456
2085444067	3499811238
20897708	10535015	10536147
2097447457	3069742381	113220754
21674293	42425655	909447998
217715651	1801358389
2198366248	2457623240
222918738	392160254	998487374
223152283	299642479
2245492319	422533695	3705174873
227892277	47409684	1983379918
2287982615	3592592155
231797280	337987916
2329884868	184060290
2375280709	1093363527	3562380158
23868779	23868772	17163478	23868773
23923118	26394959
240103119	266658881
2413929785	1643949370
2443015455	3390741996
244686900	111488395
24576177	3266503433	24884678	155416869
24576179	25096406	24576183	2878128346	39344959	2213732473
24576181	24884678	2213732473	3266503433
24576185	155416869	3266503433	24884678	2213732473
24576191	155416869	24884678	2213732473	776775937
2468670250	1339239727
24862840	155416869	24884678	2213732473	3266503433
249900363	1272972648
2543940368	2805945968
25465007	469103805
256820425	1517397225
2622800191	632882669
2626074372	245910657
263351857	5146781951
264278498	5146781951
26536460	254588729
266679597	411089639
2670414563	1276239177
2670909566	3443837177
268073422	3499811238
2681524569	187335445
26983713	975762245
2703721135	3934156955
2708077817	10196858
2713273471	1966256065	1188813899	3501740590	3977492771
271925562	1603987558	3713116963
2733405755	1417689750	1417689750	1417689750	2292603986
274028902	2702510823
2740297877	1435628891	1803545302	933233675	2145802433	933233675
281963945	2498069881	2831529921	2653416270	2783705354	987712958
2831782654	717641130	872893	1754075058	44856981	152311203
284195928	1574625924	723645942
2844894680	5091720916	979808720	1851292059	200158798
2862955510	2249208141
2884081458	781260359
292304901	533013324
2939057925	2537263374	234871743
2940109765	531473118	1972214090	2457273081	2351468783
2941305929	403830906
2947467021	717641130	44856981	152311203	1754075058	872893
297089411	700509852	799104049	337987916
3012063452	3390741996	1096822309
3020763237	2756308743
3026762724	3285483773
3095830538	422533695
3105176636	3268804473	2040398821
311154349	2258912572
312623448	629776634	3876101675	273438036
313533639	1284707453
315956122	2726413764
319506782	2489872699	1334442567
321284247	741224561
324722425	277626180
327106347	277626180
3275585799	1384987302	1158975093	2268303873	793825704	2765914224
3320278802	1526693612	1319917806	107873604	38561722
3328619698	115950323
334105423	396408492	228946752	14562417	993482878
338446524	1121735595
339230661	277626180
3439939603	931670748
351691465	2977914340
352888496	818948661	146419856	407663883	425545773
354208327	620861079
362472085	547455572	43079810
364547034	2255771626	2246204838
367218259	540290162	540290162
3742110893	1101649590	1783273629	1339239727
3759397306	1147908361	45025272	3279199819	3318199199	1480196366
37693379	549761378
3782439034	117633165
381431009	1940903166
3816997451	1649215583	2736814205	2921820018	1058335060
3880084114	534268021	768542469
395219281	620861079
405701071	1557462805
406838410	1121735595
408992127	1346595316	1346595316
409045763	13925174	3578251335
410113913	2979186876
419478716	158623987
42351565	1055721558
426591500	837553212	837553212	498872574
430823952	213835449
430941107	277626180
438414141	2980969459	43079375	2075832826	2980969459	2738052002	2075832826	336416620
441380929	1040755554
442041294	246830733	480535186
445208753	792102262
445225557	1120947164
454121845	277626180
467859822	920026004
470070854	620861079
472534316	497624685
479104527	1517397225
49332951	1944452359	2430623260
499823807	3379188593	1067863656	1815972354	1067863656	1620329954	3379188593
5017159604	3656227247
5017319555	34022345	5067445912	3422960696	55193871	3278749110	2580760991	523051336	2510117922	1098198240	1512420186	5067445912	654354127	5077256537	5077256537
505201613	636905935	913561522
507446770	277626180
5116478924	893295471
525415549	577955099	733496287
525740333	3023648507	3023648507	2783889964
530046798	277626180	3059896322
531683023	277626180
544464532	1166789468
54476936	55092048
548723803	553528725
559110813	1029761373
56027831	277626180
560424525	1868655844
564807397	1103117805	2639795312	2570061154
565223855	193415676	265942933	267462685
566987317	3642779683
567888022	379136047
571325110	344373956
571881542	455617240
576760937	450814644
580510164	2489536807
581283402	3169699566
589687264	1197103718	1717649139
591494347	748722815
595874601	1195349007
596005887	370304133
598383758	434453115
600108049	915469804
604342441	120640825	722562925	1424816694	1424816694	722562925	1207425703	604599575	1580955973	1207425703	629311178	932544113	120640825	980616641	1207425703	586288444	980616641	722562925	1424816694	866513703	629311178	643659699	588131663	596765124	722562925	178235732	2981612489
616074177	2311706193
631193073	722562925	722562925
634481974	1927878755	3936360312	3936360312
639657111	47409684
641276075	2974292755
654950389	910956505	2033575391	896747976	520393459	1864346371	2033575391	2196742306	804050128
655453276	1845392115
655578303	811665748
657214530	2232197281	3485832073	2108904338	1265492330	1230988316	1829985909
657270584	686210356	845977366	161470986
657926780	277626180	277626180
666867392	802207568
673582915	686981148	1091353554
677427902	725811641
680714703	686981148
682465256	689437485
683067523	5040208471
697800544	5025085393	439478162
699402674	979700233
701201472	344373956	3700875154	3700875154	768915953
715822691	557484527	1339239727	2258320194	380101241
717448952	733496287
722349156	2174685667	3395533780	860264316
722554826	535406111
724709078	1121735595	792009439
730677161	1339239727	557484527	790843752
736152154	277626180
738972085	2599762371
751628001	484076068
761308797	277626180
764318216	2767543584	689255629	689255629	2767543584	689255629	183225391
774234210	1517397225
779045289	255366538	939445633	1356814292	586730215	1992819488
782669217	1054557689	5102291677
783064362	523103568	2821980143
788898993	484605507
789645906	1163489338
790267220	5146781951	523103568
791680399	1983379918
797596359	2819578460
799952786	283168411
808355930	236642055	492096139
817293821	571997982	1185275576	210740106
817684947	741224561	128104081	741224561	433245581
821624279	2338722164
824688899	37693379
828081087	1024561379	1339239727	445525628	445525628	432162297	432162297
833461824	661416515	661416515	236849774
836461383	333313883
837141207	715088442
849846736	1591053880
850535193	878310394	746273799	878310394
855978264	403830906	2835618394	403830906
861607954	873563044
877072159	577955099	733496287
877949428	277626180
885592708	47409684
894936288	577955099	733496287
896633787	574162975
897045938	568914257
900745264	780196342
903952057	406088984
904927312	506555401	158508698
905048588	1642772343
916180920	546500207
917596395	3174518055
922518722	43085817	1801358389	2714635826	1801358389
9240977	10984488
928339164	808422519	470767198
930925660	3825062598
939547309	689185749	1103117805	352239578	306524480	2639795312
960860545	2646294442
965893832	277626180
969122879	308855127	397921428	2573512199
969531645	47409684
970197920	2968861960
977516871	1332019210
977552523	1049135753
984914014	2326268222	5146781951
985519962	977713297	963572189	1424816694	866513703
989375778	2140121579
990891645	337987916	337987916
993257510	2744244304
994852015	3059896322
995415578	1478050499	1845392115	1286724525	1286724525	1119400199	1411362032	447693081	1286724525
999714278	2938940284
999732035	1190138961	2537462077